0 1,23,5 6,92,7 7,4,9 8,43,2
1 2,11,3 8,15,10
2 3,15,7 9,22,15
3 4,12,8 16,18,21
4 5,16,13 10,21,3
5 11,14,7
6 7,50,9 12,71,1
7 13,41,6 14,41,8
8 9,17,9 14,31,4
9 15,14,21
10 11,17,6 16,11,7 17,14,8
11 17,12,16
12 13,31,7 18,21,9
13 19,24,24
14 15,12,8 20,12,9
15 21,10,5 22,19,8
16 17,31,6 22,15,4
17 23,16,18
18 24,18,5 25,19,2
19 20,15,5 26,4,4
20 27,25,7
21 27,13,6 28,18,3
22 23,31,5
23 29,20,6
24 30,30,7
25 26,10,4 30,10,2
26 27,18,7 31,15,1
27 28,36,5 32,51,3
28 29,25,7 33,8,4
29 34,13,6
30 35,55,9
31 30,10,4 36,8,8
32 31,25,3 33,25,4 37,40,5
33 34,16,8
34 39,15,5 40,33,5
35 41,37,6 42,17,8
36 37,80,19
37 44,70,6 45,60,1
38 33,51,4
39 46,72,3
40 39,15,7 46,8,3
41 42,15,2 47,25,7
42 43,31,5 49,8,3
43 36,26,7 44,17,7
44 51,65,9
45 38,45,16 51,15,8
46 51,43,21
47 48,25,17
48 49,22,19
49 50,27,25
50 51,25,4
51